Matrix: A
165.795 2.4608 56.8073 59.1623 
159.799 19.4626 197.597 196.134 
150.505 201.045 234.613 67.7893 
244.415 60.6005 157.253 42.2869 

Matrix: B
265.273 3.93729 90.8917 94.6597 
255.678 31.1402 316.155 313.814 
240.808 321.672 375.382 108.463 
391.064 96.9607 251.604 67.6591 

Matrix: C_CPU
81426.1 24739.2 52057.3 26630.7 
171650 83813.8 144200 55936.3 
174335 88894.6 182367 107371 
134736 57533.4 111044 62070.7 

Matrix: C_GPU
80092.7 25576 0 0 
165367 87306 0 0 
140142 102445 0 0 
124086 61869.1 0 0 

