Matrix: A
77.0221 48.3318 46.5154 
231.601 199.063 145.586 
176.476 224.808 114.944 

Matrix: B
123.235 77.3308 74.4246 
370.561 318.5 232.937 
282.361 359.693 183.911 

Matrix: C_CPU
40535.9 38081.1 25545.3 
143414 133677 90380.7 
137509 126593 86639.8 

Matrix: C_GPU
40535.9 38081.1 25545.3 
143414 133677 90380.7 
137509 126593 86639.8 

