Matrix: A
224.192 163.672 176.995 119.649 
123.549 226.021 152.162 115.754 
158.477 127.083 237.205 211.329 
242.061 152.389 234.193 0.105437 

Matrix: B
358.707 261.875 283.192 191.438 
197.678 361.634 243.46 185.206 
253.563 203.333 379.528 338.127 
387.297 243.823 374.709 0.168699 

Matrix: C_CPU
203992 183061 215345 133099 
172411 173254 191139 116982 
223962 187217 245032 134116 
176377 166144 194573 153750 

Matrix: C_GPU
125298 94699.1 0 0 
82900.6 63294 0 0 
116993 89732.9 0 0 
146212 111009 0 0 

