Matrix: A
186.345 159.415 187.363 108.926 
244.047 70.238 99.5022 57.7718 
162.7 161.904 132.253 220.714 
246.649 188.893 9.11824 65.0613 

Matrix: B
298.152 255.064 299.781 174.281 
390.476 112.381 159.204 92.4349 
260.321 259.046 211.605 353.143 
394.639 302.229 14.5892 104.098 

Matrix: C_CPU
209568 146901 122478 124717 
148891 113377 106241 90177.7 
233259 160660 105756 113001 
175346 106165 106892 70439.4 

Matrix: C_GPU
175173 162315 122478 124717 
131946 120666 106241 90177.7 
178178 181919 105756 113001 
146306 121170 106892 70439.4 

