Matrix: A
73.7938 105.203 36.7665 242.854 
31.3938 140.376 60.8525 55.8805 
206.952 12.2763 73.8951 190.176 
172.808 55.7129 49.4287 104.088 

Matrix: B
118.07 168.324 58.8263 388.566 
50.2301 224.602 97.364 89.4089 
331.123 19.642 118.232 304.281 
276.492 89.1407 79.0859 166.541 

Matrix: C_CPU
93318.6 58420.2 38137.2 89712.1 
46357.9 42989.5 27128.4 52572.1 
102102 55996 37146.4 135669 
68348.4 51850.3 29666 104504 

Matrix: C_GPU
55788.8 127917 0 0 
38721 78028.3 0 0 
72110.1 98923.3 0 0 
52354.3 83378.7 0 0 

