Matrix: A
17.2899 135.296 174.243 169.503 
108.189 61.5091 219.958 177.717 
228.941 110.805 115.222 51.6164 
55.469 156.647 77.282 148.705 
226.91 201.783 199.415 4.92163 

Matrix: B
27.6638 216.474 278.789 271.204 
173.103 98.4145 351.933 284.347 
366.306 177.287 184.355 82.5862 
88.7505 250.636 123.651 237.929 

Matrix: C_CPU
102768 90432.5 105517 97879.8 
109985 113012 114334 107281 
72301.5 93829 130446 115394 
70157.2 78396 103229 101349 
114690 105566 171646 136555 

Matrix: C_GPU
101760 90432.5 105517 97879.8 
97991.4 113012 114334 107281 
73728 93829 130446 115394 
79190.5 78396 103229 101349 
118142 105566 171646 136555 

