Matrix: A
179.417 233.927 55.696 106.502 
173.909 111.924 135.654 149.681 
182.925 16.5317 15.4562 137.903 
245.164 125.897 169.064 109.768 

Matrix: B
287.067 374.284 89.1136 170.404 
278.254 179.078 217.047 239.49 
292.681 26.4508 24.73 220.644 
392.262 201.434 270.503 175.629 

Matrix: C_CPU
174674 131970 96948.2 117590 
179484 118873 83634.2 112659 
115730 99613.7 57574.6 62760.4 
197949 140889 83046.4 128509 

Matrix: C_GPU
67805.8 68626 0 0 
89626.9 68679.4 0 0 
57035.6 68874.8 0 0 
119860 96232.6 0 0 

