Matrix: A
84.4068 113.306 5.73172 229.023 
35.3225 96.0764 115.99 242.315 
79.3979 178.284 212.111 101.541 
219.772 154.048 200.417 115.507 

Matrix: B
135.051 181.29 9.17075 366.437 
56.5159 153.722 185.585 387.704 
127.037 285.254 339.378 162.466 
351.636 246.476 320.668 184.811 

Matrix: C_CPU
99063.7 90803.6 97187.6 118116 
110142 113984 135222 113820 
83450 127333 138362 151442 
104463 149163 135661 194165 

Matrix: C_GPU
90892 95665.1 97187.6 118116 
102623 114064 135222 113820 
73764.5 156726 138362 151442 
95754 172227 135661 194165 

