Matrix: A
49.9785 101.822 164.496 238.543 219.928 235.768 
135.908 55.0445 49.1997 11.0338 233.571 35.4471 
108.213 75.5684 0.637924 89.8701 60.4751 25.9323 
225.225 90.5961 65.5722 26.1441 10.2 51.9626 
229.31 211.725 175.275 163.181 238.288 104.489 
123.973 38.2667 206.311 38.4684 26.8102 176.239 

Matrix: B
79.9656 162.915 263.193 381.67 351.885 377.228 
217.452 88.0712 78.7195 17.6541 373.713 56.7153 
173.14 120.909 1.02068 143.792 96.7602 41.4917 
360.36 144.954 104.915 41.8305 16.3201 83.1401 
366.896 338.761 280.439 261.089 381.261 167.182 
198.356 61.2268 330.097 61.5495 42.8963 281.982 

Matrix: C_CPU
268037 160515 185867 126437 169412 154536 
128059 115832 118514 123544 163907 106393 
84913.8 59463.3 69378.7 63872.1 92016.9 70027.8 
72534.5 63026.2 89232.3 103945 126000 111351 
261681 187971 195636 191933 274770 188651 
112612 73961 105582 97114.4 96297.1 114873 

Matrix: C_GPU
268037 160515 185867 126437 169412 154536 
128059 115832 118514 123544 163907 106393 
84913.8 59463.3 69378.7 63872.1 92016.9 70027.8 
72534.5 63026.2 89232.3 103945 126000 111351 
261681 187971 195636 191933 274770 188651 
112612 73961 105582 97114.4 96297.1 114873 

