Matrix: A
0.513691 152.53 76.6845 219.921 178.959 11.2802 248.169 124.988 10.8472 197.05 188.199 202.323 
188.57 246.705 237.523 118.161 184.59 213.834 188.501 5.15796 249.655 41.7021 60.8265 160.421 
176.16 73.9632 151.056 148.944 36.7071 204.896 243.528 37.2208 107.426 70.2129 7.14214 36.3849 
81.4931 5.31117 161.372 92.3403 202.361 99.5712 44.6636 140.931 96.276 32.1864 9.09202 30.8656 
246.021 197.593 36.0236 245.676 239.295 96.85 156.097 165.455 170.813 57.153 64.399 207.52 
12.0491 57.9274 244.741 119.475 128.14 1.88331 155.86 209.633 7.19448 67.2322 51.9737 209.555 
166.803 96.6374 100.486 13.0793 128.824 109.578 43.945 124.844 57.1711 79.9685 120.52 46.4659 
176.819 26.6173 211.921 97.6317 83.7703 26.3199 55.1521 95.8194 84.2473 49.8932 215.294 212.388 
51.7765 121.154 172.021 58.971 188.386 223.995 18.5264 105.189 70.6321 119.013 118.269 199.456 
228.591 162.214 74.3003 35.7621 242.182 194.821 82.2279 169.001 221.438 44.1488 16.6325 55.2083 
70.4687 71.7845 151.028 154.716 121.678 116.322 117.104 173.454 237.476 39.1246 232.425 175.862 
13.1193 0.951719 31.0513 83.7514 119.964 149.32 33.2072 98.5554 61.5338 107.508 134.317 53.716 

Matrix: B
0.821905 244.047 122.695 351.874 286.335 18.0484 397.07 199.98 17.3555 315.28 301.118 323.717 
301.712 394.728 380.036 189.058 295.343 342.135 301.601 8.25274 399.449 66.7233 97.3223 256.673 
281.856 118.341 241.69 238.31 58.7314 327.834 389.645 59.5533 171.881 112.341 11.4274 58.2158 
130.389 8.49787 258.196 147.744 323.778 159.314 71.4618 225.489 154.042 51.4983 14.5472 49.385 
393.633 316.148 57.6377 393.082 382.872 154.96 249.755 264.728 273.301 91.4447 103.038 332.033 
19.2786 92.6838 391.586 191.16 205.024 3.01329 249.376 335.413 11.5112 107.571 83.158 335.289 
266.885 154.62 160.778 20.927 206.118 175.325 70.3119 199.751 91.4737 127.95 192.833 74.3454 
282.91 42.5877 339.073 156.211 134.032 42.1118 88.2433 153.311 134.796 79.8291 344.471 339.82 
82.8424 193.846 275.234 94.3536 301.418 358.392 29.6423 168.303 113.011 190.42 189.23 319.129 
365.746 259.542 118.88 57.2193 387.492 311.713 131.565 270.401 354.301 70.6381 26.612 88.3333 
112.75 114.855 241.644 247.546 194.684 186.115 187.366 277.527 379.961 62.5993 371.88 281.379 
20.9908 1.52275 49.6821 134.002 191.943 238.912 53.1316 157.689 98.4541 172.012 214.908 85.9457 

Matrix: C_CPU
366999 247764 312298 263002 414739 337585 240048 314654 359051 152157 250127 269979 
331653 346505 427578 367738 467168 399138 396219 335040 313589 254982 265601 407041 
214529 201087 300261 219278 308590 222713 258122 255999 164506 176765 177411 249422 
213981 156087 214538 220619 239452 169930 204817 196566 153809 121597 143623 232265 
333206 315856 390013 373632 502291 335299 334042 355551 314783 249220 319493 419860 
288873 154630 250698 223378 261848 258595 218017 209088 226389 135327 196942 205790 
207740 199602 241260 240881 264621 183304 246340 213884 203262 142229 202588 273717 
209907 175430 256425 278819 291636 260649 268292 247838 236236 181133 257115 264657 
272849 227448 318491 293999 344489 277796 292343 288069 272606 162429 211430 319035 
281105 299825 350615 329588 399261 258738 319383 293862 238199 216020 262344 414995 
278802 222615 377494 302576 383909 329612 267551 322560 294701 197195 306931 364477 
167505 124401 200086 168765 226243 146493 145799 212124 171042 88109.7 146746 207837 

Matrix: C_GPU
366999 247764 312298 263002 414739 337585 240048 314654 359051 152157 250127 269979 
331653 346505 427578 367738 467168 399138 396219 335040 313589 254982 265601 407041 
214529 201087 300261 219278 308590 222713 258122 255999 164506 176765 177411 249422 
213981 156087 214538 220619 239452 169930 204817 196566 153809 121597 143623 232265 
333206 315856 390013 373632 502291 335299 334042 355551 314783 249220 319493 419860 
288873 154630 250698 223378 261848 258595 218017 209088 226389 135327 196942 205790 
207740 199602 241260 240881 264621 183304 246340 213884 203262 142229 202588 273717 
209907 175430 256425 278819 291636 260649 268292 247838 236236 181133 257115 264657 
272849 227448 318491 293999 344489 277796 292343 288069 272606 162429 211430 319035 
281105 299825 350615 329588 399261 258738 319383 293862 238199 216020 262344 414995 
278802 222615 377494 302576 383909 329612 267551 322560 294701 197195 306931 364477 
167505 124401 200086 168765 226243 146493 145799 212124 171042 88109.7 146746 207837 

