Matrix: A
169.801 127.104 201.391 3.35888 
43.5212 229.989 171.37 53.4632 
12.2762 102.883 125.9 205.785 
129.946 215.402 3.48856 7.06369 

Matrix: B
271.682 203.366 322.225 5.37421 
69.6339 367.982 274.192 85.5411 
19.642 164.612 201.441 329.257 
207.913 344.644 5.58169 11.3019 

Matrix: C_CPU
59636.7 115613 130152 78132.3 
42320.7 140118 111904 76936.4 
55757.8 132003 58675.5 52646 
51840.4 108699 101676 20352.6 

Matrix: C_GPU
91720.3 69472.2 0 0 
100068 55899.5 0 0 
80413.1 91530.4 0 0 
106203 30484.2 0 0 

