Matrix: A
191.087 240.151 32.5364 135.02 
241.986 167.984 124.383 81.2389 
144.866 46.6409 131.644 35.6428 
44.9425 131.523 218.058 169.706 

Matrix: B
305.74 384.242 52.0582 216.032 
387.177 268.774 199.013 129.982 
231.785 74.6255 210.631 57.0285 
71.908 210.437 348.893 271.529 

Matrix: C_CPU
168654 168811 111701 111014 
173696 164508 100571 103264 
95425.7 85523.9 56987.5 54543.7 
127409 104604 133653 85320.4 

Matrix: C_GPU
65964.4 75851.7 0 0 
102815 102263 0 0 
74804.4 65487.5 0 0 
64283.4 33541.5 0 0 

