Matrix: A
7.12666 151.102 67.8689 208.518 
98.5987 46.8154 26.1253 215.875 
2.88025 26.0285 167.074 206.992 
63.4139 158.051 239.643 181.993 

Matrix: B
11.4027 241.763 108.59 333.629 
157.758 74.9047 41.8005 345.4 
4.60839 41.6457 267.319 331.188 
101.462 252.882 383.428 291.189 

Matrix: C_CPU
45388.2 68598.1 105184 137764 
30533.4 83023.2 102420 120578 
25910.9 61948.6 125429 125558 
45226.8 83172.9 147335 208109 

Matrix: C_GPU
394.029 4549.41 0 0 
1244.68 24925.5 0 0 
802.786 7654.26 0 0 
1827.45 25311.2 0 0 

