Matrix: A
95.9081 39.2598 157.994 176.335 
240.131 16.1385 179.459 133.828 
47.4137 101.534 96.4557 199.11 
233.07 248.302 138.809 37.1575 

Matrix: B
153.453 62.8156 252.79 282.136 
384.21 25.8215 287.135 214.125 
75.8619 162.455 154.329 318.576 
372.912 397.283 222.095 59.4519 

Matrix: C_CPU
107545 102760 99063.6 96282.1 
106570 97822.4 122755 136333 
127854 100373 100247 77684.1 
155552 58364.2 159889 165355 

Matrix: C_GPU
26703.1 31691.4 0 0 
50463 44238 0 0 
14593.1 18648 0 0 
46295.7 37190.7 0 0 

