Matrix: A
69.9222 64.7834 210.247 195.874 
75.7499 97.3509 183.841 108.934 
178.91 24.8704 245.025 27.1246 
198.3 118.203 211.222 93.5321 
223.815 209.77 231.566 230.282 

Matrix: B
111.875 103.654 336.395 313.398 
121.2 155.761 294.146 174.294 
286.256 39.7926 392.04 43.3993 
317.28 189.125 337.955 149.651 

Matrix: C_CPU
138005 62749.3 191199 71642.1 
107462 50932.8 163005 64988.1 
101776 37298.6 172727 75097.8 
126650 65060.3 215893 105913 
189814 108640 305602 151217 

Matrix: C_GPU
126917 62749.3 191199 71642.1 
105589 50932.8 163005 64988.1 
79122.3 37298.6 172727 75097.8 
125720 65060.3 215893 105913 
204205 108640 305602 151217 

